3
100
B
0 1 1 1 1 1 1 0 0 0
0 1 1 0 0 0 1 1 0 0
0 1 1 0 0 0 1 1 0 0
0 1 1 0 0 0 1 1 0 0
0 1 1 1 1 1 1 0 0 0
0 1 1 0 0 0 1 1 0 0
0 1 1 0 0 0 0 1 1 0
0 1 1 0 0 0 0 1 1 0
0 1 1 0 0 0 1 1 0 0
0 1 1 1 1 1 1 0 0 0
C
0 0 0 1 1 1 1 0 0 0
0 0 1 1 0 0 1 1 0 0
0 1 1 0 0 0 0 0 0 0
0 1 1 0 0 0 0 0 0 0
0 1 1 0 0 0 0 0 0 0
0 1 1 0 0 0 0 0 0 0
0 1 1 0 0 0 0 0 0 0
0 1 1 0 0 0 0 0 0 0
0 0 1 1 0 0 1 1 0 0
0 0 0 1 1 1 1 0 0 0
D
0 1 1 1 1 1 1 0 0 0
0 1 1 0 0 0 1 1 0 0
0 1 1 0 0 0 1 1 0 0
0 1 1 0 0 0 0 1 1 0
0 1 1 0 0 0 0 1 1 0
0 1 1 0 0 0 0 1 1 0
0 1 1 0 0 0 0 1 1 0
0 1 1 0 0 0 0 1 0 0
0 1 1 0 0 0 1 1 0 0
0 1 1 1 1 1 1 0 0 0